,T1,T2,T3.4,T6,T28,T29,T32,T34,T35,T36a,T13,T18,T25b,T77
T1,1.0,0.514,0.477,0.433,0.424,0.35,0.083,0.239,0.14,0.286,0.305,0.26,0.231,0.25
T2,0.514,1.0,0.662,0.497,0.397,0.427,0.152,0.254,0.083,0.368,0.545,0.526,0.437,0.426
T3.4,0.477,0.662,1.0,0.415,0.319,0.376,0.173,0.172,0.137,0.229,0.482,0.373,0.424,0.368
T6,0.433,0.497,0.415,1.0,0.444,0.53,0.064,0.371,0.214,0.394,0.354,0.348,0.31,0.279
T28,0.424,0.397,0.319,0.444,1.0,0.437,0.027,0.211,0.139,0.267,0.262,0.193,0.16,0.189
T29,0.35,0.427,0.376,0.53,0.437,1.0,0.018,0.224,0.066,0.34,0.349,0.368,0.245,0.273
T32,0.083,0.152,0.173,0.064,0.027,0.018,1.0,0.264,0.203,0.191,0.166,0.115,0.129,0.133
T34,0.239,0.254,0.172,0.371,0.211,0.224,0.264,1.0,0.334,0.442,0.202,0.159,0.053,0.039
T35,0.14,0.083,0.137,0.214,0.139,0.066,0.203,0.334,1.0,0.234,0.007,-0.014,-0.03,-0.037
T36a,0.286,0.368,0.229,0.394,0.267,0.34,0.191,0.442,0.234,1.0,0.36,0.372,0.235,0.241
T13,0.305,0.545,0.482,0.354,0.262,0.349,0.166,0.202,0.007,0.36,1.0,0.677,0.603,0.586
T18,0.26,0.526,0.373,0.348,0.193,0.368,0.115,0.159,-0.014,0.372,0.677,1.0,0.596,0.613
T25b,0.231,0.437,0.424,0.31,0.16,0.245,0.129,0.053,-0.03,0.235,0.603,0.596,1.0,0.559
T77,0.25,0.426,0.368,0.279,0.189,0.273,0.133,0.039,-0.037,0.241,0.586,0.613,0.559,1.0
