,V1,V2,V3,V4,V5,V6,V7,V8,V9,V10,V11,V12
V1,1.0,0.72,0.3136,0.2688,0.0983,0.0491,0.129,0.0369,0.2903,0.1613,0.0645,0.0753
V2,0.72,1.0,0.3528,0.3024,0.1106,0.0553,0.1452,0.0415,0.3266,0.1814,0.0726,0.0847
V3,0.3136,0.3528,1.0,0.42,0.0753,0.0377,0.0988,0.0282,0.2222,0.1235,0.0494,0.0576
V4,0.2688,0.3024,0.42,1.0,0.0645,0.0323,0.0847,0.0242,0.1905,0.1058,0.0424,0.0494
V5,0.0983,0.1106,0.0753,0.0645,1.0,0.32,0.1344,0.0384,0.1089,0.0605,0.0242,0.0282
V6,0.0491,0.0553,0.0377,0.0323,0.32,1.0,0.0672,0.0192,0.0544,0.0302,0.0121,0.0141
V7,0.129,0.1452,0.0988,0.0847,0.1344,0.0672,1.0,0.14,0.1429,0.0794,0.0318,0.037
V8,0.0369,0.0415,0.0282,0.0242,0.0384,0.0192,0.14,1.0,0.0408,0.0227,0.0091,0.0106
V9,0.2903,0.3266,0.2222,0.1905,0.1089,0.0544,0.1429,0.0408,1.0,0.45,0.1458,0.1701
V10,0.1613,0.1814,0.1235,0.1058,0.0605,0.0302,0.0794,0.0227,0.45,1.0,0.081,0.0945
V11,0.0645,0.0726,0.0494,0.0424,0.0242,0.0121,0.0318,0.0091,0.1458,0.081,1.0,0.42
V12,0.0753,0.0847,0.0576,0.0494,0.0282,0.0141,0.037,0.0106,0.1701,0.0945,0.42,1.0
