,Sociality,Sorrow,Tenderness,Joy,Wonder,Elation,Disgust,Anger,Sex,Fear,Subjection
Sociality,1.0,0.83,0.81,0.8,0.71,0.7,0.54,0.53,0.59,0.24,0.13
Sorrow,0.83,1.0,0.87,0.62,0.59,0.44,0.58,0.44,0.23,0.45,0.21
Tenderness,0.81,0.87,1.0,0.63,0.37,0.31,0.3,0.12,0.33,0.33,0.36
Joy,0.8,0.62,0.63,1.0,0.49,0.54,0.3,0.28,0.42,0.29,-0.06
Wonder,0.71,0.59,0.37,0.49,1.0,0.54,0.34,0.55,0.4,0.19,-0.1
Elation,0.7,0.44,0.31,0.54,0.54,1.0,0.5,0.51,0.31,0.11,0.1
Disgust,0.54,0.58,0.3,0.3,0.34,0.5,1.0,0.38,0.29,0.21,0.08
Anger,0.53,0.44,0.12,0.28,0.55,0.51,0.38,1.0,0.53,0.1,-0.16
Sex,0.59,0.23,0.33,0.42,0.4,0.31,0.29,0.53,1.0,-0.09,-0.1
Fear,0.24,0.45,0.33,0.29,0.19,0.11,0.21,0.1,-0.09,1.0,0.41
Subjection,0.13,0.21,0.36,-0.06,-0.1,0.1,0.08,-0.16,-0.1,0.41,1.0
