,info,verbal,analogies,ego,guilt,tension,info2,tension2,v123,v564
info,1.0,0.67,0.43,0.11,-0.07,-0.17,1.0,-0.17,0.84,-0.15
verbal,0.67,1.0,0.49,0.12,-0.05,-0.14,0.67,-0.14,0.87,-0.13
analogies,0.43,0.49,1.0,0.03,-0.14,-0.1,0.43,-0.1,0.77,-0.12
ego,0.11,0.12,0.03,1.0,-0.41,-0.48,0.11,-0.48,0.1,-0.8
guilt,-0.07,-0.05,-0.14,-0.41,1.0,0.4,-0.07,0.4,-0.1,0.77
tension,-0.17,-0.14,-0.1,-0.48,0.4,1.0,-0.17,1.0,-0.16,0.8
info2,1.0,0.67,0.43,0.11,-0.07,-0.17,1.0,-0.17,0.84,-0.15
tension2,-0.17,-0.14,-0.1,-0.48,0.4,1.0,-0.17,1.0,-0.17,0.8
v123,0.84,0.87,0.77,0.1,-0.1,-0.16,0.84,-0.17,1.0,-0.16
v564,-0.15,-0.13,-0.12,-0.8,0.77,0.8,-0.15,0.8,-0.16,1.0
